888 773 786 
84 1025 1041 
400 700 523 
1071 517 827 
309 29 442 
244 183 287 
493 697 756 
91 922 90 
45 490 594 
787 734 278 
573 1011 798 
521 120 450 
677 606 765 
195 51 76 
145 357 980 
950 302 834 
358 681 901 
484 694 338 
725 129 149 
23 295 323 
632 610 421 
1072 583 342 
381 114 40 
295 583 1072 
231 721 23 
993 338 664 
818 652 435 
160 48 889 
149 935 358 
249 338 552 
765 217 1 
386 664 464 
670 939 916 
731 617 515 
7 315 922 
888 940 594 
825 89 1054 
64 177 626 
400 623 137 
752 504 117 
119 102 381 
51 514 387 
144 922 883 
707 233 355 
980 357 1052 
490 128 193 
254 217 879 
926 754 36 
72 313 27 
563 393 68 
287 691 22 
387 643 751 
1022 926 686 
919 344 449 
400 38 1062 
598 156 132 
446 752 391 
603 381 55 
209 81 698 
316 930 864 
754 244 183 
828 226 441 
616 86 379 
668 1007 344 
626 37 243 
583 925 422 
383 643 414 
632 665 792 
487 99 468 
731 494 346 
251 119 728 
689 340 1001 
819 132 629 
351 250 527 
87 196 217 
761 267 70 
376 198 506 
356 338 664 
509 994 598 
80 810 212 
79 598 645 
336 298 598 
861 940 183 
523 177 1065 
1 904 1007 
758 939 789 
616 550 62 
74 217 723 
347 345 321 
5 287 522 
7 414 922 
782 579 883 
536 514 883 
570 214 274 
123 885 405 
723 127 367 
792 579 343 
342 657 252 
580 118 59 
487 68 468 
636 1056 868 
117 573 633 
695 381 40 
510 893 99 
578 226 828 
628 607 493 
477 280 21 
685 765 1020 
388 868 244 
256 217 678 
416 1074 312 
665 549 496 
1011 633 573 
214 946 706 
22 381 598 
859 215 1011 
484 977 148 
1020 39 633 
993 985 202 
695 40 102 
503 226 968 
722 528 89 
509 681 51 
94 885 405 
412 351 1027 
552 664 315 
345 221 77 
598 134 102 
885 818 786 
985 471 994 
924 77 552 
416 232 106 
598 72 819 
156 307 708 
127 336 674 
474 650 476 
242 193 878 
523 623 398 
252 321 207 
419 185 177 
1055 301 62 
426 748 1007 
122 731 582 
360 610 99 
922 91 1064 
357 14 44 
282 1030 156 
731 639 592 
864 118 509 
28 358 685 
168 34 7 
404 514 719 
484 681 923 
929 252 740 
606 318 839 
298 645 290 
55 963 1039 
663 936 897 
431 579 554 
600 702 212 
689 369 986 
689 457 357 
652 14 351 
164 58 191 
163 569 572 
857 161 689 
573 902 389 
207 980 1052 
614 223 694 
154 606 351 
167 14 16 
625 299 748 
941 717 332 
483 832 617 
432 616 373 
903 326 378 
10 573 706 
523 700 185 
289 89 183 
314 601 547 
577 39 1046 
646 540 726 
864 202 1015 
905 5 244 
117 618 352 
523 1065 177 
214 117 385 
670 1009 789 
573 117 881 
573 10 352 
623 803 228 
355 163 446 
502 963 688 
722 45 661 
128 1059 1017 
376 506 770 
74 339 568 
599 1020 598 
76 376 506 
441 754 372 
80 81 963 
694 249 118 
864 118 148 
1021 846 994 
51 643 751 
106 477 712 
182 745 1053 
252 167 153 
636 124 604 
290 1039 749 
254 550 426 
583 232 1072 
439 690 848 
606 351 985 
996 274 113 
573 859 839 
245 227 904 
765 74 254 
681 76 879 
224 528 844 
446 447 603 
694 664 44 
940 888 35 
346 431 694 
219 158 431 
818 652 26 
104 828 441 
318 675 706 
524 190 344 
227 1066 937 
360 720 1030 
849 24 23 
342 583 1014 
645 598 336 
97 231 743 
468 487 563 
695 102 645 
699 168 76 
514 689 145 
252 614 97 
526 623 803 
703 773 519 
789 919 53 
626 64 37 
5 983 287 
415 936 250 
46 351 390 
610 762 281 
408 911 257 
29 315 694 
939 415 278 
532 70 761 
929 1004 153 
287 838 728 
678 76 681 
663 977 1015 
71 212 993 
248 360 143 
342 232 1072 
695 546 645 
651 377 695 
552 29 338 
318 1062 283 
9 806 680 
693 306 84 
106 158 806 
295 857 23 
78 598 236 
1061 283 1018 
523 1065 418 
326 976 306 
976 326 270 
503 716 968 
1062 1007 789 
214 839 1019 
211 329 676 
8 490 594 
789 1062 1007 
250 865 939 
706 352 534 
477 429 456 
461 23 941 
127 156 119 
262 318 213 
681 649 689 
765 839 439 
471 669 930 
50 988 5 
514 536 719 
825 786 178 
514 749 719 
308 379 550 
1021 645 783 
974 180 176 
601 547 360 
23 1072 323 
743 549 820 
786 825 753 
645 81 155 
171 550 379 
756 778 387 
118 1055 77 
585 352 306 
215 141 573 
695 209 738 
405 50 983 
326 264 1 
502 364 488 
379 550 383 
647 4 829 
7 221 694 
244 395 364 
743 205 24 
48 662 810 
179 601 711 
1055 817 971 
930 669 148 
573 1006 947 
706 227 262 
1021 994 467 
347 1004 373 
345 584 310 
828 521 11 
295 23 21 
727 327 368 
127 384 434 
270 306 271 
501 601 547 
563 68 235 
820 929 928 
924 364 130 
652 818 460 
421 883 884 
936 669 351 
960 690 826 
725 1041 677 
81 233 645 
467 78 509 
664 77 29 
745 44 167 
689 71 681 
652 462 961 
1072 232 258 
431 792 96 
618 524 668 
252 929 1004 
223 694 614 
929 1004 320 
891 514 290 
44 14 357 
500 686 773 
482 930 412 
573 706 185 
975 399 137 
175 186 180 
810 633 598 
77 118 29 
1052 145 14 
71 16 992 
685 765 977 
821 755 667 
918 119 810 
468 235 563 
235 209 468 
307 395 442 
913 819 434 
362 468 43 
598 434 562 
781 784 260 
579 689 96 
319 1021 355 
639 212 603 
637 441 754 
432 692 493 
839 985 864 
716 503 1042 
506 770 76 
343 431 549 
947 670 175 
550 643 506 
1002 296 329 
102 40 22 
22 114 381 
66 1055 643 
127 822 134 
504 203 467 
31 879 614 
643 51 506 
108 888 412 
902 166 880 
217 30 745 
56 577 220 
643 379 506 
49 235 563 
729 407 420 
364 972 988 
911 667 406 
509 678 118 
400 137 38 
409 975 449 
38 398 1065 
571 966 1049 
786 677 621 
379 616 62 
646 151 719 
885 691 723 
911 667 755 
911 667 406 
248 407 911 
399 417 449 
775 306 227 
561 908 907 
351 606 599 
554 42 168 
643 66 383 
250 939 865 
1074 131 110 
409 399 975 
269 523 1065 
523 177 269 
328 729 99 
332 721 295 
456 583 21 
946 117 39 
473 739 720 
102 78 40 
141 748 616 
447 542 546 
889 212 256 
280 477 712 
689 7 340 
343 792 549 
373 692 1055 
685 256 509 
646 367 562 
114 22 639 
930 985 442 
810 889 509 
731 896 395 
212 994 639 
548 819 72 
372 637 183 
985 4 580 
784 791 821 
1004 929 648 
471 818 286 
447 220 698 
446 577 220 
995 1 677 
399 409 618 
226 521 578 
884 744 431 
340 689 71 
239 254 42 
154 967 670 
244 364 766 
232 1014 342 
161 77 954 
692 616 817 
1047 523 1065 
331 818 5 
211 717 583 
244 287 961 
175 189 903 
614 144 42 
358 16 804 
736 325 833 
1021 337 994 
487 235 99 
598 337 467 
646 119 404 
994 600 679 
1047 185 897 
424 695 427 
135 650 717 
445 109 145 
135 474 383 
280 429 106 
949 962 141 
480 901 859 
479 573 798 
831 758 796 
351 930 599 
338 912 864 
694 152 810 
606 804 1020 
667 893 510 
468 99 68 
467 307 212 
488 752 214 
45 594 183 
860 500 951 
760 363 835 
756 373 515 
731 614 42 
236 446 963 
743 549 431 
29 249 316 
974 180 117 
706 279 176 
350 773 834 
327 601 547 
307 603 212 
968 716 120 
385 989 39 
203 989 471 
376 770 643 
783 292 639 
590 460 637 
681 78 985 
511 893 755 
510 755 667 
337 233 156 
363 233 68 
719 749 290 
493 748 678 
28 4 679 
764 984 1048 
62 616 198 
248 408 755 
1036 741 406 
578 828 226 
155 40 404 
1065 269 177 
137 344 623 
804 606 897 
240 190 803 
606 669 525 
844 219 65 
893 49 407 
99 591 1039 
931 656 804 
251 761 70 
1073 1064 541 
798 573 569 
387 556 51 
92 514 883 
681 535 556 
119 695 290 
991 14 109 
40 598 119 
21 533 1072 
298 236 546 
71 582 1001 
661 594 940 
414 315 1055 
259 695 119 
601 327 294 
598 1001 71 
431 96 343 
379 308 392 
591 99 49 
29 125 261 
171 605 962 
91 579 782 
556 776 535 
535 555 537 
471 1020 440 
251 75 991 
664 221 819 
927 622 889 
908 907 411 
726 367 425 
328 235 468 
666 651 918 
556 535 760 
800 831 830 
162 1035 539 
239 62 554 
572 573 798 
471 1021 467 
401 966 946 
569 798 573 
902 798 352 
713 523 185 
227 187 270 
175 965 713 
447 588 180 
104 521 450 
91 96 649 
985 1020 930 
834 636 1035 
122 645 358 
1072 21 232 
321 168 148 
326 306 1046 
212 582 731 
232 456 332 
471 203 698 
606 351 1015 
508 637 460 
328 235 563 
639 371 723 
698 546 598 
544 940 35 
211 144 7 
723 147 102 
930 615 559 
132 78 55 
930 129 442 
994 1021 471 
547 294 327 
686 860 677 
57 132 708 
603 371 826 
