1038 1010 1247 
84 812 826 
403 393 1108 
1253 853 977 
1097 306 31 
238 922 714 
494 943 1358 
884 731 1271 
44 491 591 
622 1216 531 
571 800 631 
518 117 450 
1263 300 17 
909 50 74 
137 353 1052 
754 298 656 
354 1272 322 
1374 1377 347 
1349 1248 485 
1302 601 511 
703 600 1232 
25 925 319 
94 1355 23 
22 1355 94 
381 109 41 
925 581 854 
225 1135 465 
1283 1061 1033 
787 335 1285 
1230 153 47 
1354 142 1042 
1349 1338 335 
1007 210 1 
387 252 1349 
263 745 1279 
523 867 516 
7 1364 312 
1038 746 591 
1024 88 1161 
1197 1288 676 
403 876 1108 
116 97 381 
50 515 388 
1271 1340 1184 
491 125 188 
248 210 1036 
734 599 38 
69 929 29 
991 395 879 
1301 922 361 
388 901 1341 
809 1103 734 
728 340 449 
403 40 844 
1002 148 893 
1378 961 584 
597 381 54 
202 82 1173 
313 738 1033 
599 238 1192 
651 221 959 
866 86 1174 
259 1059 340 
1096 71 870 
383 901 1174 
94 254 627 
1150 1289 1285 
246 116 1205 
355 337 1056 
1022 893 79 
1279 347 915 
237 63 1096 
87 190 210 
1305 1005 1294 
376 910 508 
939 1349 335 
354 322 988 
100 1302 19 
511 788 1002 
69 1345 472 
81 1222 1363 
80 1002 159 
332 294 1363 
1116 678 746 
1 713 1059 
603 745 624 
866 1174 550 
72 210 1285 
5 922 1085 
7 416 1271 
534 515 695 
472 124 368 
1346 627 579 
997 113 58 
65 1130 1355 
115 1161 838 
1197 112 1222 
378 381 41 
512 1357 1334 
578 221 651 
77 1302 19 
1329 479 280 
1336 1378 1285 
391 1374 683 
419 856 309 
254 549 973 
800 890 571 
86 373 1174 
207 751 1306 
24 1237 1169 
1282 676 1178 
485 1050 140 
1252 1306 807 
1089 787 1053 
1156 767 1325 
678 1268 95 
378 41 97 
504 1171 221 
467 981 88 
511 322 50 
886 1360 1037 
1374 414 1247 
1265 554 1349 
341 216 75 
1145 1002 130 
1037 645 621 
1214 1053 473 
419 1329 226 
706 1 32 
1120 148 305 
124 1145 332 
520 876 400 
277 797 754 
916 930 1354 
119 1345 523 
357 23 889 
731 1271 884 
353 14 873 
282 1194 817 
523 1285 894 
1033 113 1086 
1250 1136 669 
30 354 336 
162 36 1364 
951 1067 515 
737 916 544 
17 1178 315 
294 159 288 
54 765 1063 
244 742 706 
1056 1151 1294 
436 1313 1340 
1272 1385 1345 
355 1310 370 
177 14 347 
156 1304 1173 
155 993 995 
90 910 534 
674 355 1026 
1113 294 227 
571 1094 711 
199 1052 1066 
864 1364 218 
1247 146 1347 
161 14 16 
880 295 572 
1185 951 439 
970 654 867 
437 1174 866 
1178 10 571 
520 393 1108 
306 68 252 
702 1126 460 
924 88 621 
310 1224 595 
1271 579 1313 
476 895 702 
327 154 865 
1033 195 1061 
1197 112 868 
520 847 1243 
1378 207 112 
263 798 624 
571 112 693 
807 738 636 
571 10 1252 
876 1016 223 
91 139 1005 
467 44 239 
1347 125 1374 
72 1267 935 
807 1002 1285 
959 599 941 
81 82 765 
372 1349 113 
1033 113 140 
808 666 788 
50 901 580 
1129 101 479 
1315 916 161 
278 1308 1347 
115 121 598 
1070 288 1063 
1107 248 550 
581 1157 1076 
442 1363 1374 
1326 17 347 
1262 789 1277 
1288 571 676 
240 222 713 
1387 1208 1007 
1377 322 1272 
474 466 1235 
219 981 664 
887 1090 452 
817 1067 144 
1071 372 252 
746 1038 37 
1271 342 436 
213 151 436 
729 675 1296 
99 651 959 
1252 315 287 
980 186 340 
1212 1120 357 
1135 669 26 
339 581 802 
159 1002 332 
887 225 551 
470 971 991 
378 97 1113 
1184 390 1358 
515 355 137 
522 876 1016 
222 1252 611 
1103 949 1010 
624 728 52 
71 63 870 
5 779 922 
1247 543 621 
418 742 915 
45 347 1072 
159 511 78 
23 605 1126 
1217 1168 516 
411 1251 720 
529 1203 67 
1141 922 1092 
1174 301 74 
244 1101 1279 
1272 1275 1208 
245 1159 357 
335 1349 1248 
339 226 854 
65 1130 627 
1067 904 817 
378 547 159 
1144 904 1194 
554 1283 31 
844 1059 62 
738 313 1374 
9 1017 320 
367 304 84 
34 182 402 
520 170 71 
925 674 25 
1094 1254 764 
843 283 805 
520 847 955 
323 1080 775 
775 323 1080 
504 444 1047 
1094 844 1059 
670 359 63 
207 660 1347 
204 325 1181 
624 844 1059 
915 680 745 
402 1178 348 
288 515 1345 
479 1130 434 
1090 460 1076 
124 148 116 
918 315 206 
322 175 355 
1222 1007 660 
473 260 738 
222 918 849 
515 573 457 
1321 928 379 
1113 808 159 
774 905 1170 
1224 595 548 
748 646 1075 
159 82 147 
165 550 1107 
601 615 1215 
1349 113 837 
1170 583 348 
1094 1288 208 
1263 12 331 
322 601 1341 
378 202 539 
409 49 779 
323 262 1 
503 364 489 
1097 171 4 
7 216 372 
238 1379 364 
551 198 26 
174 1224 595 
473 738 30 
837 644 1265 
738 260 140 
571 796 752 
402 1252 222 
1391 808 788 
343 795 1167 
651 518 11 
925 25 860 
1329 9 449 
492 932 1144 
511 301 1089 
269 1080 304 
991 879 229 
1075 646 1330 
1192 49 538 
177 1342 645 
423 695 1340 
742 260 347 
762 360 1025 
483 826 1247 
82 227 159 
67 334 1186 
469 78 511 
252 1349 1248 
68 1056 1285 
355 68 1362 
177 461 1342 
854 226 253 
868 980 1108 
916 737 1226 
218 372 1271 
737 795 317 
701 515 288 
937 1010 500 
873 14 353 
1374 484 738 
1252 1101 571 
1049 401 131 
903 181 905 
893 858 772 
1019 890 1002 
1066 137 14 
68 16 1054 
1009 337 1341 
1254 336 1007 
1023 600 917 
727 116 1019 
470 229 991 
1089 205 322 
49 409 762 
1070 229 202 
1321 437 901 
1386 305 1374 
1209 722 1022 
359 470 872 
262 798 844 
1074 1002 439 
617 1179 1144 
1362 579 1271 
316 1288 808 
218 342 1271 
437 363 1341 
660 1053 1033 
444 1171 504 
508 1009 74 
936 436 1271 
97 256 116 
1107 550 901 
1330 794 926 
97 41 24 
1085 24 109 
64 837 1321 
124 647 1145 
1252 1178 112 
505 1262 196 
33 1036 864 
901 50 1341 
227 1285 230 
322 68 1164 
1374 103 1038 
210 32 556 
847 520 170 
1083 1162 396 
1240 48 229 
720 917 952 
511 301 113 
1300 1290 917 
159 701 808 
403 131 40 
413 1049 449 
750 1252 278 
40 400 847 
994 768 1064 
621 300 874 
352 1005 97 
1088 597 893 
1009 363 355 
1037 361 472 
1182 720 1291 
245 1327 410 
229 77 558 
401 420 449 
347 1374 1247 
557 43 162 
901 64 383 
478 1371 1221 
1279 915 745 
856 127 104 
413 1163 401 
1108 520 170 
324 506 889 
328 1188 465 
1157 966 581 
798 276 1059 
751 1347 1277 
1384 655 700 
475 986 463 
97 78 41 
899 572 866 
962 541 547 
1153 699 205 
1014 38 459 
1130 280 479 
355 7 337 
936 627 549 
373 363 1321 
1275 336 1376 
166 1185 368 
109 1169 24 
1241 1019 699 
205 788 1222 
988 1022 69 
375 504 1171 
1053 4 997 
619 626 1023 
1295 473 645 
1055 1 300 
401 413 868 
221 518 578 
696 553 436 
1090 747 854 
1178 146 1277 
75 757 306 
363 866 1321 
316 109 196 
515 288 573 
832 520 847 
327 645 5 
1076 1126 204 
1085 238 922 
903 185 712 
378 428 159 
864 1289 136 
423 627 94 
354 16 1222 
188 118 691 
984 1146 1201 
808 334 788 
971 229 889 
1002 334 469 
668 1151 79 
788 594 1214 
832 1235 180 
428 378 431 
895 176 1090 
1295 447 891 
895 476 1370 
280 1130 434 
1044 764 899 
969 571 631 
653 603 630 
858 1374 126 
347 1374 738 
1363 372 900 
17 1390 636 
917 1357 703 
563 166 69 
1209 469 305 
1117 489 584 
44 591 1207 
321 647 595 
1004 1070 362 
1215 601 1358 
1354 523 864 
230 961 765 
31 1354 1319 
774 905 112 
402 1101 278 
937 1010 656 
932 1224 595 
67 1205 97 
305 597 1145 
1171 1047 444 
386 1262 784 
948 422 324 
196 784 473 
376 1009 901 
1207 1000 459 
511 1094 78 
322 78 1053 
1334 975 703 
1363 1304 334 
362 1144 227 
457 573 288 
494 1341 572 
823 1114 545 
578 651 221 
147 41 951 
847 268 1108 
636 17 706 
233 186 1016 
322 35 1272 
17 1279 260 
1357 703 48 
925 1190 293 
889 588 1063 
739 212 636 
1203 246 1238 
465 1188 423 
876 1163 1329 
1077 631 571 
388 558 1341 
90 515 695 
322 533 558 
116 378 288 
786 14 1370 
1294 124 472 
457 1070 202 
41 1002 116 
294 230 547 
68 998 1056 
239 591 746 
145 887 1181 
730 378 986 
327 459 645 
256 378 116 
1224 595 932 
436 92 1346 
379 1107 928 
1013 973 1340 
1257 588 889 
1340 451 696 
31 122 258 
165 1150 857 
835 935 787 
884 1271 1340 
533 989 535 
246 1294 73 
1248 252 216 
735 875 699 
717 716 1351 
488 368 429 
280 914 220 
145 887 916 
255 904 727 
558 1339 533 
154 1263 1247 
914 1181 61 
473 1091 808 
711 1178 631 
430 899 165 
515 288 457 
425 520 180 
222 182 1080 
1080 903 767 
962 1225 586 
99 518 450 
1313 1271 884 
901 363 388 
854 860 226 
930 162 140 
323 304 831 
894 660 1347 
1345 205 1272 
473 1285 196 
17 1374 1112 
324 229 991 
894 940 1301 
1285 1363 389 
543 746 37 
204 1344 136 
472 1293 139 
1169 788 808 
1224 548 292 
1263 345 677 
56 893 407 
1294 597 940 
941 892 46 
703 917 512 
388 1341 1215 
572 1017 1030 
85 630 1279 
705 1073 823 
1083 698 1194 
941 892 959 
1120 558 374 
577 905 962 
705 823 1073 
692 1094 1132 
222 1252 315 
396 1114 952 
953 278 575 
989 558 1241 
1341 901 388 
1155 1144 626 
1204 470 991 
442 788 808 
446 49 369 
778 352 472 
623 125 1038 
9 739 1188 
621 125 924 
1059 276 844 
170 520 1108 
446 932 292 
936 1346 436 
1189 14 137 
777 663 199 
764 671 624 
571 995 993 
767 385 576 
992 652 1370 
1278 1204 1131 
1190 1135 479 
738 1061 184 
129 582 893 
1256 1114 1212 
68 1089 1241 
777 210 1377 
1161 1220 958 
894 806 962 
660 666 894 
363 1215 1341 
865 327 125 
748 1075 1330 
1154 384 124 
148 129 1120 
1172 1109 839 
1165 977 1006 
959 60 221 
633 1370 653 
1370 652 992 
721 970 1168 
1012 1132 210 
1038 500 621 
1345 998 573 
1256 1140 1212 
502 598 783 
710 751 584 
1061 1112 1283 
5 886 1037 
1052 1105 14 
981 213 281 
1268 1072 733 
890 751 196 
1208 1161 1374 
322 119 205 
1135 225 925 
803 273 63 
630 185 348 
1043 421 259 
474 676 832 
265 353 158 
430 572 935 
800 1166 1252 
345 632 972 
1143 1116 828 
645 125 1247 
277 418 1279 
518 504 444 
129 148 724 
1161 1039 49 
165 295 1104 
1222 30 336 
687 1196 447 
1196 686 1374 
1103 678 1379 
1169 69 893 
115 678 1006 
1377 17 1222 
676 693 1225 
692 751 1288 
889 470 971 
328 884 731 
451 553 328 
764 1267 1017 
1194 605 1073 
787 360 113 
792 1374 1208 
344 1004 515 
1126 325 460 
600 512 1334 
518 681 318 
1073 1021 823 
474 1279 17 
598 1384 974 
992 653 1295 
79 998 1002 
511 660 16 
571 944 1197 
903 1080 222 
1059 84 1 
5 1342 238 
1002 54 116 
562 717 954 
562 716 1370 
1268 1039 683 
378 1238 256 
1251 600 917 
140 162 360 
808 334 469 
555 222 1252 
657 1304 334 
798 1235 764 
799 1172 1158 
358 457 378 
1059 713 340 
165 1150 1296 
378 545 97 
136 695 328 
322 1248 113 
1265 75 1122 
46 599 809 
561 1202 875 
1206 325 646 
795 916 145 
313 1033 1061 
622 199 434 
1017 1329 213 
1376 28 751 
485 1326 1265 
1094 877 1082 
163 85 70 
915 418 277 
1116 1038 827 
452 1090 1126 
646 1330 1075 
746 843 850 
402 1191 315 
660 1347 1277 
942 571 1178 
404 692 571 
474 276 1166 
806 1306 660 
1104 1289 474 
1315 353 14 
1056 1007 16 
204 353 627 
1285 447 1007 
1158 726 1172 
1332 1022 360 
1200 891 1039 
630 480 1094 
1002 1285 1363 
651 959 518 
712 304 112 
404 994 1234 
768 1234 1347 
1294 701 42 
615 312 64 
124 1022 538 
458 474 847 
498 426 905 
270 323 269 
298 574 754 
787 1241 1142 
620 129 808 
361 783 238 
518 651 977 
68 337 355 
5 922 1342 
1169 24 1386 
316 196 505 
827 1171 746 
1294 56 382 
113 699 1128 
808 78 594 
207 1262 1375 
682 238 662 
1082 877 276 
301 1302 322 
666 109 597 
646 748 339 
737 916 343 
789 314 571 
624 1282 182 
1059 367 474 
726 1172 839 
676 106 1306 
166 951 1318 
1331 1157 226 
798 474 1319 
1347 769 404 
862 1 1347 
660 511 584 
1095 1277 1053 
788 469 594 
833 734 1116 
101 976 1376 
304 1311 112 
1 826 17 
1 862 1178 
1374 364 783 
401 349 413 
1003 308 782 
1067 144 343 
397 997 1377 
1015 768 323 
82 1056 1002 
891 762 645 
891 1247 700 
1021 705 1083 
472 1285 689 
1262 1314 1288 
660 812 1 
746 828 785 
678 1010 1103 
276 942 421 
845 769 746 
905 1378 323 
474 180 520 
1379 115 678 
1269 257 1114 
1215 601 1349 
981 683 1124 
383 1321 866 
95 1072 683 
1172 726 1109 
894 503 1151 
1374 17 1347 
852 1015 462 
1347 805 1335 
1059 1108 955 
830 753 804 
328 553 136 
520 268 393 
800 1279 222 
315 402 918 
1347 189 200 
903 712 462 
1242 842 1286 
809 681 1103 
581 860 339 
424 982 802 
1163 1329 1017 
