1018 1740 655 
1490 453 416 
293 795 979 
1565 2019 561 
525 1680 1011 
444 1756 741 
1748 640 1735 
1756 444 741 
723 1477 1502 
638 1173 1037 
1204 83 558 
1192 668 271 
1339 971 1594 
944 666 1887 
620 1658 486 
1246 663 1889 
309 972 165 
353 894 1009 
1631 1127 1360 
1036 708 618 
818 1010 1856 
1093 844 832 
936 331 1359 
800 267 1528 
1293 1541 1282 
306 1130 1946 
1978 1449 1652 
496 75 241 
843 960 224 
582 1269 492 
1381 1074 735 
581 817 1474 
1132 1182 396 
1997 469 982 
1750 1045 871 
742 301 747 
1243 960 567 
593 1970 884 
88 452 271 
521 1241 1394 
859 1697 378 
396 848 1524 
1929 1863 357 
1658 571 191 
1770 1929 1364 
1878 240 474 
1016 696 1435 
1275 2019 825 
1866 160 681 
1465 252 638 
357 1711 1624 
441 992 1662 
1427 1599 1739 
1082 1268 728 
525 1298 1770 
601 1720 1389 
134 1093 832 
1507 1491 1946 
911 510 527 
698 82 1951 
512 1503 1754 
788 1257 795 
46 1435 812 
271 1735 393 
468 1084 699 
1861 911 1374 
1141 1520 1810 
393 380 1208 
1275 1814 859 
725 1116 25 
326 1147 774 
548 654 2067 
837 956 1838 
1751 1338 1851 
1528 1006 23 
856 319 584 
1156 1894 642 
1480 2019 1467 
427 1675 859 
1708 1852 1680 
848 1046 195 
920 1113 1502 
1018 1457 1677 
1804 1204 10 
223 2024 1729 
1585 1845 627 
1674 1352 315 
777 1529 1295 
1275 585 1282 
728 1336 1167 
693 2024 1925 
1515 694 785 
1093 1145 751 
1838 1163 1735 
1674 1671 1441 
1085 998 1678 
1432 347 325 
1289 506 1457 
832 190 561 
1916 2017 573 
257 1006 1234 
1849 2029 803 
114 701 1365 
996 802 767 
1096 322 816 
1981 1456 302 
102 1098 167 
1881 2030 1944 
296 1907 1465 
410 698 103 
751 1926 863 
800 1234 444 
1013 1056 610 
453 324 296 
102 939 1200 
1627 606 1269 
1562 349 979 
577 1087 1232 
885 766 1878 
1597 1235 1929 
1896 1750 34 
2058 661 1014 
877 709 1238 
1668 1709 270 
999 275 61 
85 1585 707 
1936 1446 326 
313 502 443 
264 552 1276 
331 1727 719 
825 1204 693 
1913 1282 1559 
746 1059 366 
869 880 1117 
1093 56 1339 
1095 1297 951 
718 321 6 
1461 931 1322 
1384 938 922 
442 554 1848 
1520 1972 1482 
1864 1231 1446 
818 1596 799 
1268 1130 1077 
973 2003 745 
788 1278 825 
1510 667 645 
1055 1121 1169 
516 1322 1505 
48 808 1981 
85 710 1304 
453 660 1454 
753 452 699 
46 1934 1016 
1223 1093 1043 
1732 927 6 
1424 26 838 
992 825 501 
225 1940 596 
920 1113 81 
1169 295 2025 
472 1250 226 
728 1683 1082 
1185 1364 1499 
1702 1470 1023 
309 16 479 
620 1722 14 
1098 912 423 
1036 1431 1204 
1713 82 765 
1357 1467 1281 
251 315 1782 
570 1041 1753 
378 1358 960 
1972 1993 616 
1497 741 507 
1013 750 1324 
1276 1067 1464 
177 1165 198 
750 1506 1152 
1131 1500 181 
1500 167 1098 
1315 1480 2019 
357 271 588 
497 1178 1056 
1154 633 1764 
203 81 1665 
1151 921 1222 
1173 1507 21 
546 1084 136 
360 326 774 
43 326 774 
1231 1315 301 
1622 699 1453 
43 269 826 
1046 848 1613 
435 617 1232 
1130 527 903 
1219 1105 241 
1036 1176 791 
641 57 1167 
1526 249 1861 
2019 460 2015 
709 1238 546 
99 1568 1846 
1852 1856 1603 
806 1308 554 
1204 825 979 
825 1925 735 
1646 1651 440 
1389 430 695 
492 1142 1311 
1281 245 519 
1282 1782 1446 
620 14 1060 
821 433 2060 
271 1783 1921 
881 1449 1862 
1461 137 1322 
575 1856 1274 
851 388 448 
873 1979 486 
584 734 61 
2055 84 856 
883 1674 1417 
596 1715 803 
1250 161 395 
723 563 379 
1435 1776 1595 
1477 1821 1378 
607 449 561 
1925 1710 693 
1946 527 641 
366 1906 414 
2002 278 794 
699 63 1089 
472 474 365 
841 1906 2036 
1126 1838 1818 
617 644 2025 
63 1245 862 
661 1080 293 
2055 461 1734 
704 1803 812 
1607 444 7 
212 836 1333 
376 301 1157 
1024 271 1735 
841 201 685 
1526 620 1658 
42 1542 1977 
171 1043 846 
1027 1243 1109 
1647 736 282 
919 2035 1304 
881 1374 1617 
696 2003 1431 
1234 1440 100 
191 1736 897 
905 1245 951 
1946 1305 281 
1446 941 284 
1257 1939 825 
947 1741 1101 
128 1484 1095 
1852 1695 1751 
805 260 43 
23 1631 1528 
1418 744 518 
1346 1700 897 
1222 1761 1298 
1753 1089 1735 
506 1588 1426 
951 452 1735 
1524 972 165 
1515 416 466 
558 211 1693 
1598 408 1658 
234 2002 1156 
729 768 1157 
1210 1727 774 
620 43 14 
1056 1833 253 
1515 293 91 
944 326 1446 
312 406 953 
1162 720 1145 
1709 675 1279 
1731 1147 508 
314 1770 494 
1974 394 1046 
1929 1671 1719 
1502 1477 723 
2 1080 1929 
1907 1200 1080 
1780 160 1011 
635 113 1612 
795 2056 521 
1690 1943 855 
1601 1077 1116 
190 1147 1339 
481 1561 1231 
1562 785 1237 
945 414 526 
551 1227 1739 
1976 105 787 
25 1358 359 
1343 498 1727 
544 1758 1112 
16 165 479 
562 402 580 
1668 1237 679 
1944 822 704 
1490 434 1017 
859 324 1187 
171 1243 252 
434 1331 313 
1862 1420 1652 
934 1114 1528 
584 540 1200 
1661 699 271 
136 1163 1860 
1096 1204 816 
545 1029 1013 
1217 502 1778 
758 1102 1291 
1147 409 70 
998 775 1502 
563 203 1238 
668 1023 700 
772 1936 646 
1282 1147 43 
491 1030 295 
1789 1165 1300 
43 78 486 
1929 752 349 
1706 1577 527 
774 731 1869 
293 1682 370 
918 668 673 
2052 1204 656 
2017 6 99 
1350 1013 1576 
1073 1291 1950 
897 1906 564 
1816 1628 1229 
1865 869 709 
1740 1073 1426 
241 1365 1435 
1129 1955 427 
865 433 321 
315 859 1014 
1597 484 943 
1737 1761 1603 
1157 1446 1782 
1002 1192 1574 
832 326 712 
2053 50 42 
1559 1946 903 
306 1946 445 
561 190 626 
1711 1772 1325 
1380 1764 1237 
1587 334 1358 
1719 511 476 
284 1339 561 
226 414 395 
865 321 956 
1275 1282 1173 
390 1417 1317 
1793 867 796 
1332 1446 1387 
1446 1359 1279 
989 1240 1012 
1408 1768 992 
1282 1304 1050 
941 2018 1936 
832 1332 1946 
725 1975 1116 
896 653 1238 
716 561 1594 
1502 1113 1313 
1856 1603 921 
1299 1774 1443 
43 1843 1854 
265 2040 1485 
179 1152 1806 
412 1784 1059 
851 448 1133 
1683 1776 162 
1805 704 447 
327 920 446 
24 469 571 
880 67 404 
1485 290 1046 
226 472 595 
1617 1737 1182 
1661 271 1356 
309 479 1673 
603 1373 313 
786 1073 928 
948 1401 1077 
580 717 735 
812 1103 1080 
393 88 868 
626 1926 1339 
953 285 1327 
1475 1132 972 
1658 334 43 
326 1147 897 
103 698 109 
1185 1364 661 
387 366 1384 
349 427 1204 
303 1548 366 
1084 2060 1741 
324 1209 521 
764 491 1633 
295 390 1402 
2019 1565 1339 
920 927 1735 
1878 1389 601 
1615 1243 1027 
282 1528 593 
558 1765 26 
1689 527 1491 
571 1315 1769 
1204 1298 78 
1818 1614 247 
775 1024 1192 
1549 668 1245 
2063 314 979 
1583 1693 663 
516 821 906 
316 2023 313 
617 507 436 
1301 787 577 
290 441 207 
1409 960 213 
2027 1548 1507 
1442 593 1647 
825 1204 881 
1507 1223 1262 
681 894 1248 
741 1756 1970 
960 1282 378 
1002 868 1735 
1185 1944 390 
388 1133 786 
230 56 859 
1339 2019 280 
905 640 836 
453 1394 1458 
113 1 836 
1838 1163 460 
816 825 1204 
1371 569 1987 
601 1466 6 
1187 914 1157 
1673 953 972 
1921 454 2019 
242 588 856 
1503 721 1360 
1836 849 965 
1798 1717 143 
1733 1204 2005 
275 822 314 
724 837 1650 
452 897 700 
859 1282 24 
1363 660 127 
1590 82 1391 
595 876 161 
1855 1209 453 
905 1878 760 
295 332 1011 
661 1296 1096 
1051 1495 246 
353 1197 1737 
309 16 165 
1276 1826 810 
301 1561 1994 
43 269 331 
1876 593 2031 
1082 745 1705 
1267 588 357 
873 334 14 
833 2034 504 
1782 914 1173 
806 2044 836 
2060 1818 1673 
1672 1993 1972 
1142 582 211 
1050 1403 1409 
1383 822 314 
945 77 683 
647 296 108 
1178 100 257 
825 78 1565 
1170 343 1291 
442 811 960 
1204 735 1709 
324 312 979 
1073 1291 1744 
211 1269 1933 
620 214 331 
1457 1018 272 
444 1684 741 
1731 1217 1594 
1426 1073 522 
571 620 1658 
1016 1185 661 
74 1528 100 
303 414 1162 
263 433 271 
571 1153 43 
433 821 786 
681 777 679 
865 640 965 
284 88 24 
67 905 1208 
324 39 705 
1426 1170 82 
1928 1961 1438 
203 514 1378 
1620 1695 616 
1162 303 336 
1167 1494 1699 
570 1390 1084 
1216 282 572 
492 211 582 
1282 1093 832 
533 159 1095 
931 699 1461 
1332 1183 1814 
1126 1838 93 
352 1704 960 
757 75 917 
847 1950 1505 
525 205 1046 
2056 795 679 
612 1405 1111 
1506 1178 722 
1987 340 656 
1671 291 1929 
323 1013 1029 
1344 203 640 
1917 1805 822 
1239 2058 822 
1243 710 844 
2050 309 1759 
858 304 1421 
128 950 177 
1147 1213 1516 
1223 445 442 
1173 832 1782 
1222 1986 187 
913 531 607 
1424 1652 26 
1289 506 1677 
1519 1282 1162 
832 1731 360 
310 479 1524 
1238 400 709 
1704 600 725 
493 1699 974 
25 841 903 
710 832 742 
625 2002 352 
1371 456 1987 
1735 1084 528 
43 1658 301 
616 1972 736 
760 716 1916 
975 1005 203 
1630 1222 219 
877 668 570 
1985 1440 1232 
1093 760 1339 
290 1279 948 
735 402 1222 
32 935 1475 
1142 492 1083 
1185 1364 2028 
319 1241 443 
88 1346 630 
838 1603 1796 
679 1648 1288 
699 461 242 
537 1375 757 
664 1720 1444 
56 365 1008 
133 1952 155 
1647 440 37 
159 271 723 
472 98 360 
225 1940 2029 
1732 2017 922 
226 591 284 
747 844 720 
1704 1336 1226 
457 1389 1720 
2061 1345 1185 
1212 1572 1497 
1770 704 1239 
684 895 635 
1627 1802 1582 
561 957 230 
1272 59 804 
473 1526 269 
1074 1151 921 
1519 288 488 
1293 1332 1173 
1473 759 75 
960 811 2018 
1785 2043 771 
572 1993 1672 
1497 1188 435 
486 2019 166 
837 724 516 
1658 214 14 
1227 146 1765 
1666 87 1358 
1272 1059 636 
704 822 604 
1421 568 794 
1841 405 360 
669 1472 85 
1204 1855 825 
998 327 775 
825 88 1623 
610 556 1074 
1154 293 1080 
1764 1154 871 
1603 1856 1617 
296 1128 1200 
1384 155 927 
657 273 399 
1173 49 844 
400 782 1170 
6 1735 2017 
801 200 1491 
572 616 1708 
321 718 862 
1077 2025 617 
1311 1083 211 
1147 326 669 
496 1907 1519 
702 775 1150 
1269 1020 1739 
408 277 334 
1374 1708 881 
146 645 807 
379 723 1477 
1343 825 312 
0 1170 972 
1610 340 1279 
324 534 1458 
1946 326 481 
1307 850 1421 
1839 1458 134 
476 1179 1185 
1048 340 656 
1246 1142 1083 
590 815 1389 
1012 1515 2000 
944 1492 98 
996 645 146 
11 1935 1023 
326 859 1153 
1154 604 822 
28 166 568 
1073 1740 1021 
1125 668 905 
1617 1449 1274 
1204 1925 1652 
1238 709 2051 
1870 1857 911 
694 91 661 
1648 540 1866 
1765 764 1882 
1237 443 894 
869 1930 875 
88 460 585 
895 605 1118 
179 140 1207 
1237 1766 894 
1282 1162 1535 
1059 910 387 
1078 1329 1646 
416 324 154 
1803 1694 717 
1440 257 1234 
1709 1204 992 
91 1200 809 
1249 1023 1470 
46 1435 256 
942 1303 1572 
59 1649 169 
1753 1084 640 
1906 1143 226 
46 1435 812 
775 648 1502 
541 1798 1809 
717 604 1770 
1441 1216 1944 
423 167 1098 
960 1946 859 
558 992 1408 
203 1238 640 
567 1722 1243 
725 671 960 
356 2049 334 
1866 48 525 
1993 616 572 
1337 1471 1641 
1339 2034 561 
1449 634 1617 
6 920 1838 
1283 1727 914 
747 1587 85 
1497 462 1636 
1506 1691 1725 
1502 159 292 
1101 1650 786 
960 378 1704 
1013 342 545 
718 956 920 
162 1167 745 
1514 1932 1561 
693 953 123 
190 774 337 
1159 729 1917 
23 253 1631 
795 977 1241 
580 1709 402 
1725 253 1833 
1777 1358 844 
1157 984 469 
1494 358 1763 
1838 718 868 
444 507 1756 
832 1739 252 
1895 2035 647 
1084 640 528 
1494 903 1946 
831 393 920 
599 720 1946 
434 785 2023 
998 1502 931 
1324 1506 1172 
1093 1926 1339 
684 1257 825 
285 297 319 
1132 1648 407 
1184 627 334 
894 1456 349 
537 806 1300 
325 1102 1744 
1165 489 857 
1093 573 134 
1929 1990 1456 
2000 315 1129 
98 658 531 
1972 1633 417 
522 169 1713 
885 1195 1089 
1391 103 1392 
1282 1561 745 
1178 1772 1636 
202 1390 1088 
1785 1247 159 
330 376 1936 
1735 63 920 
70 1147 190 
702 1502 648 
1855 1580 269 
1666 427 894 
1497 1404 617 
527 1699 197 
927 1126 6 
166 807 1802 
1170 0 1678 
1068 1979 1467 
723 292 1201 
1045 302 1303 
1133 821 1741 
1074 436 610 
61 145 349 
1170 1707 1426 
391 1935 468 
1596 1010 1768 
1518 511 701 
1946 1994 527 
1421 625 1510 
1241 540 349 
867 1600 1917 
1076 718 451 
474 905 404 
1944 791 1216 
23 100 1234 
641 1399 2007 
1355 996 1421 
2029 1940 225 
1951 1122 59 
246 301 266 
913 1300 445 
1286 663 1311 
721 644 48 
694 91 302 
271 1826 1735 
2018 1518 378 
1016 1435 1072 
723 1818 428 
369 42 2036 
1720 1732 1389 
1055 1134 455 
1306 1614 1502 
142 1010 20 
834 420 1748 
1739 1906 2049 
906 1133 1741 
312 604 1733 
1234 1114 257 
725 378 960 
1204 979 1565 
290 269 1346 
1704 960 1946 
1045 785 1771 
42 1929 145 
1489 23 800 
746 951 1113 
561 356 98 
1269 1712 1933 
819 1002 877 
1480 145 1438 
453 113 245 
947 6 2060 
586 1856 1603 
1372 1083 663 
1768 1010 634 
1152 1214 1514 
621 1755 1582 
1156 28 725 
326 469 356 
1507 1548 2018 
1697 171 859 
1950 538 1505 
195 556 1381 
67 951 366 
1307 659 663 
220 388 448 
1719 243 675 
723 570 428 
1288 1896 1080 
75 1690 198 
1703 2055 75 
863 1143 1591 
551 304 1421 
1697 1446 1275 
1904 517 1827 
582 1889 1539 
451 905 597 
751 1909 1037 
1705 2019 833 
350 518 947 
631 30 1074 
1805 796 293 
446 404 393 
133 420 1911 
1583 807 1286 
1750 1764 795 
427 825 1275 
486 669 646 
1029 1520 1172 
1817 1921 1930 
472 987 1839 
576 2041 1090 
1394 752 979 
1490 454 245 
393 1916 905 
1617 1449 717 
1894 1980 842 
224 764 1674 
1234 1970 257 
766 1089 1004 
825 1565 712 
1761 1603 1737 
353 681 476 
1216 1671 1169 
1507 1180 1723 
1735 1817 451 
812 1072 661 
460 640 1208 
756 1237 443 
684 635 1544 
1211 379 1477 
1346 409 1446 
1961 1252 252 
1548 1699 24 
1298 427 2054 
889 1671 291 
1439 20 1596 
1769 745 1763 
162 1919 1130 
474 1339 760 
821 433 1133 
922 815 927 
1691 884 1503 
1163 1930 1490 
668 1238 1023 
65 677 1447 
167 1098 593 
1438 1480 531 
1782 1147 719 
2064 640 1245 
1261 1132 479 
327 648 702 
271 1273 1628 
554 445 1681 
1113 718 81 
1151 187 1603 
1732 1466 597 
709 2064 1090 
1176 1084 744 
1221 693 1803 
1147 832 98 
6 1878 2017 
400 559 1483 
477 1936 376 
1241 2023 1317 
533 137 2055 
1307 850 802 
1192 695 570 
257 1754 1234 
1393 1132 953 
40 43 378 
1757 1663 209 
862 922 598 
349 1456 1380 
457 1344 77 
376 1419 1157 
362 1380 34 
960 1857 352 
13 284 70 
303 1396 213 
1917 729 1848 
1101 263 1650 
1279 1866 1623 
1657 2026 1171 
1375 1795 552 
273 905 259 
1866 1750 1222 
406 1881 285 
1993 970 1695 
640 1090 2041 
1748 6 727 
607 561 49 
1583 1582 1425 
553 2018 1516 
725 1857 707 
1073 1236 1477 
1810 174 1520 
1983 617 1597 
502 324 1515 
905 1357 578 
108 1047 252 
1216 1417 1538 
640 905 1339 
1804 835 1774 
616 1993 1972 
1339 360 944 
16 165 309 
1763 903 1769 
1693 211 807 
1741 1211 1378 
1447 1533 527 
1193 17 681 
1779 1739 191 
825 2063 1565 
1709 529 1610 
1855 1716 2026 
1516 1814 1332 
507 741 1576 
1494 1293 738 
1074 165 787 
402 1726 1692 
876 1062 134 
1323 423 1039 
356 1906 897 
1764 1479 1708 
1221 1619 704 
1204 157 1709 
497 1234 257 
1796 1737 1856 
1472 1939 85 
667 802 103 
2040 205 1708 
775 327 1502 
113 1128 1515 
1640 1614 972 
1750 1064 2040 
446 1024 1735 
1712 807 1286 
885 766 1829 
920 1113 159 
100 1528 257 
1373 1181 324 
326 284 1839 
2040 17 997 
840 818 1768 
295 1768 4 
665 752 1394 
1056 545 750 
1529 1417 1279 
315 960 725 
46 812 1072 
313 1490 825 
1677 82 1457 
2024 693 1925 
211 1269 1627 
1073 1291 1457 
1994 1797 1051 
1935 1702 668 
1002 247 1477 
634 1852 1761 
1222 1737 921 
1243 252 960 
719 832 1147 
323 545 1672 
1576 572 491 
49 567 957 
372 1446 859 
779 368 1050 
223 406 1673 
833 582 1269 
312 1431 1770 
1909 1093 832 
1269 1003 1802 
1576 572 507 
1395 782 271 
1238 81 1826 
1281 245 1163 
1173 154 56 
2030 1731 108 
785 34 942 
1852 1374 195 
98 190 832 
662 2052 290 
530 29 1391 
1282 1946 1494 
1946 197 1130 
271 1735 446 
1439 265 1374 
977 2026 1668 
816 147 1204 
282 1013 1178 
1241 1398 656 
1298 160 54 
1384 1095 1477 
1231 1315 1184 
1617 1596 634 
1841 987 760 
785 302 1303 
1001 1896 1750 
354 1480 1446 
32 1475 1182 
1464 1732 446 
1565 1339 1147 
745 1495 1494 
326 719 78 
699 1177 1753 
812 1016 704 
1291 1740 1021 
610 1222 921 
187 1151 921 
718 1735 1838 
644 1243 1776 
972 165 1325 
1472 825 1480 
1515 293 661 
1471 672 985 
484 162 728 
1142 663 582 
570 640 2061 
699 533 998 
1838 454 920 
1497 117 444 
558 10 26 
271 1247 88 
877 905 446 
1710 1881 969 
764 1198 1503 
134 1283 760 
1753 271 1571 
135 1059 533 
816 322 2058 
935 1475 581 
167 423 912 
894 1597 777 
1279 2056 679 
947 1133 1741 
758 1289 1018 
1805 675 1652 
1936 2018 1145 
1515 1080 275 
1575 1977 241 
669 1948 14 
1474 2023 223 
252 567 1243 
213 2018 1788 
368 989 241 
205 1441 1010 
920 1502 81 
1772 318 257 
1943 496 596 
960 378 1358 
1502 920 1838 
684 1544 324 
1100 675 1703 
1622 1002 891 
1993 714 1482 
379 1123 804 
1951 1640 1192 
1769 1535 1282 
640 1084 673 
1838 238 1735 
1503 1631 18 
1907 832 1093 
349 1456 979 
1946 197 903 
1500 180 181 
1475 32 754 
821 1741 786 
1025 1852 1274 
271 238 93 
1814 1932 873 
333 1113 327 
181 1509 1234 
2055 856 1655 
1497 741 808 
66 545 1029 
492 663 582 
1093 1507 863 
2023 1941 693 
1521 2018 1446 
698 724 672 
326 914 1283 
1113 951 727 
832 979 742 
648 75 895 
921 187 1603 
1806 179 386 
571 669 914 
478 604 1804 
1841 1339 190 
843 1421 28 
301 1231 326 
241 1479 948 
1526 1268 1749 
1705 1689 425 
1282 982 1159 
1282 2018 1145 
454 1838 1921 
483 1758 681 
1300 806 489 
1781 710 162 
527 728 745 
190 561 1521 
1993 1972 2031 
782 1740 789 
1569 1169 1193 
750 440 1324 
1354 555 488 
1204 1416 825 
1750 1001 34 
1967 2047 924 
1089 271 668 
497 1206 1056 
661 548 476 
890 493 1409 
979 1866 1237 
396 1737 586 
534 1332 190 
1231 1060 1315 
1411 163 1499 
1721 4 1417 
314 654 458 
1232 577 1754 
671 352 710 
570 247 1084 
1317 1237 681 
1935 11 570 
977 270 17 
788 34 540 
766 1935 668 
642 1880 1708 
1237 478 681 
1503 1127 1983 
1231 719 571 
296 635 785 
1474 242 2055 
1507 21 1280 
1240 25 40 
1716 1937 1855 
1325 1812 50 
1178 497 1406 
884 282 1756 
67 905 1466 
416 822 1394 
2049 2019 2015 
896 1677 1018 
603 1014 977 
553 1157 301 
1216 201 1296 
1391 1392 664 
714 1010 1324 
324 1565 508 
693 825 675 
198 1105 913 
998 1838 1836 
825 427 349 
187 1986 921 
1093 1173 154 
393 880 1921 
701 1435 46 
1704 1722 600 
304 621 1342 
1619 914 822 
1192 1935 668 
745 1027 1399 
1060 1315 301 
577 1188 1985 
640 709 915 
257 1440 100 
654 285 427 
961 782 203 
681 1197 894 
709 203 718 
604 312 548 
88 1871 40 
795 1317 681 
1638 1430 1594 
1027 252 315 
982 49 1516 
570 1935 474 
663 1142 1712 
1921 1089 460 
681 443 1241 
695 1023 1702 
226 161 1608 
288 1731 1333 
627 1961 898 
1585 10 85 
197 527 903 
1381 962 1524 
1014 777 721 
61 1555 324 
1735 1838 1076 
1341 1390 1089 
440 1993 714 
479 1132 16 
951 442 452 
570 1002 1190 
1192 1640 468 
880 99 472 
