661 504 686 
1092 414 500 
1400 607 276 
1352 255 177 
199 1296 906 
457 1296 60 
52 688 186 
85 123 92 
417 673 977 
530 683 78 
604 637 680 
534 427 965 
767 1350 1238 
949 981 812 
1207 37 545 
921 1071 1357 
659 315 507 
651 943 369 
896 325 951 
1311 1437 948 
896 478 639 
1139 1204 1044 
1003 257 907 
607 337 942 
720 43 1449 
533 259 780 
850 342 86 
948 1031 1025 
870 1298 604 
607 332 911 
186 899 52 
1296 513 806 
861 1052 1423 
1296 288 849 
1287 821 423 
1047 639 26 
778 935 270 
380 545 14 
609 285 207 
327 1350 659 
1094 196 358 
808 924 1074 
745 315 34 
534 849 452 
1412 996 371 
84 1408 987 
1044 21 1277 
738 223 1400 
38 609 1399 
616 1153 1174 
1424 1433 890 
849 894 544 
186 30 886 
212 383 439 
523 317 1030 
1412 449 202 
1077 1106 1311 
1184 919 370 
179 1002 284 
534 917 922 
773 496 1388 
741 1048 1021 
116 651 797 
287 502 1217 
352 822 597 
233 556 269 
990 1264 552 
549 949 117 
175 646 758 
812 639 174 
850 1062 1084 
1203 1147 709 
1214 617 1435 
120 173 1357 
241 438 84 
889 876 956 
1133 742 1073 
746 347 1285 
530 1293 473 
829 1012 828 
833 1091 279 
1207 14 578 
1101 1120 853 
618 253 728 
1408 311 256 
89 7 347 
1208 272 117 
1298 705 128 
770 550 833 
489 85 347 
237 496 531 
136 1298 1117 
1145 709 848 
252 319 170 
1098 770 1062 
1244 1130 1174 
1300 1432 384 
401 161 297 
585 428 626 
1087 1254 203 
115 502 128 
381 798 970 
1269 1357 534 
699 230 380 
797 634 435 
773 519 441 
856 797 943 
509 449 1031 
540 478 1389 
106 948 1405 
968 556 1412 
294 1066 1045 
1062 1387 125 
440 614 1234 
1092 582 1028 
287 534 757 
62 1038 1296 
833 1445 561 
1437 1311 544 
1287 993 1300 
1357 1071 981 
473 779 235 
242 43 268 
1013 7 1148 
987 352 1073 
724 1062 889 
658 949 98 
577 1062 125 
161 937 87 
475 401 530 
651 829 943 
269 1412 1340 
177 947 3 
370 786 1184 
1254 1422 1076 
731 701 808 
1117 577 1084 
1224 727 511 
1436 1318 857 
87 609 1428 
743 143 478 
383 353 1067 
517 741 393 
743 986 734 
471 1204 729 
250 710 1009 
810 532 1286 
164 770 576 
576 180 917 
279 1387 833 
534 1357 197 
617 741 341 
797 1311 1437 
332 1345 29 
402 1298 728 
179 916 515 
450 697 709 
933 305 1209 
439 397 1393 
646 414 932 
1221 607 276 
97 728 401 
161 705 815 
217 1038 1120 
147 351 64 
620 969 1397 
750 242 36 
888 1315 577 
957 307 743 
1371 1006 436 
1145 726 93 
947 658 1236 
36 778 270 
84 64 1357 
833 351 812 
370 1302 191 
552 398 684 
884 947 428 
842 139 768 
431 58 521 
1444 148 531 
1112 34 1005 
355 937 637 
203 1254 380 
579 949 1357 
43 1296 599 
30 52 279 
919 433 876 
1038 581 1415 
782 931 810 
982 337 1162 
456 1371 1290 
946 1438 585 
179 1099 345 
511 173 352 
553 1118 895 
686 311 853 
150 30 849 
450 1371 1281 
118 4 797 
1147 726 1203 
833 922 693 
360 1412 458 
183 37 1087 
248 1058 889 
1387 757 1084 
530 662 372 
609 285 38 
817 816 51 
1281 7 92 
1387 742 1024 
285 604 1086 
358 84 999 
1326 774 637 
1437 943 345 
385 126 658 
87 207 10 
1038 163 1357 
108 478 808 
582 893 1260 
1392 341 257 
1033 1251 1156 
434 515 1130 
1296 33 727 
1311 833 272 
402 818 263 
797 1400 943 
881 1322 751 
823 96 561 
529 1419 1401 
833 921 15 
873 958 207 
562 255 1183 
269 789 1412 
271 98 585 
142 517 1423 
658 84 714 
496 90 1328 
1350 147 770 
618 496 417 
1412 449 994 
219 1008 74 
750 1003 427 
1024 1387 278 
711 531 1350 
732 1337 749 
985 940 1130 
265 1299 1065 
204 798 381 
1391 558 207 
1009 560 792 
1406 544 1312 
414 292 857 
83 939 1179 
1417 872 1114 
947 769 562 
1357 1109 84 
268 1003 935 
1244 640 95 
1169 875 25 
581 1092 356 
475 1051 815 
753 604 291 
527 818 945 
179 51 761 
1397 311 387 
1242 1284 975 
261 1417 475 
371 614 752 
789 1412 233 
935 778 1412 
234 884 857 
770 224 1313 
1026 803 1070 
248 724 798 
411 133 1324 
607 1177 23 
401 637 467 
942 360 1375 
45 1073 1071 
482 576 174 
1219 507 896 
1273 789 208 
665 808 1309 
224 496 618 
38 207 609 
637 604 728 
534 63 165 
431 1296 33 
1254 824 479 
450 590 156 
262 926 1026 
252 92 857 
256 922 212 
111 1066 206 
646 623 742 
1053 640 1223 
1417 449 705 
899 82 1078 
530 1417 1089 
1255 448 29 
341 216 10 
947 255 433 
673 1328 455 
1323 48 967 
607 242 1209 
947 126 1266 
168 1277 743 
1279 1333 353 
33 1412 973 
94 1098 1279 
84 626 1073 
1065 853 474 
895 209 195 
1311 716 56 
711 531 1238 
615 382 352 
554 1106 727 
1147 1203 848 
347 1286 970 
125 798 816 
537 770 1397 
1092 252 1236 
731 1033 381 
730 281 896 
808 924 843 
1094 591 196 
711 531 830 
1357 164 549 
1006 568 1144 
919 726 1062 
489 1145 89 
153 29 918 
1024 1234 588 
580 937 128 
1110 1300 384 
649 350 1123 
1258 242 1375 
1273 1412 401 
1425 935 360 
634 104 910 
391 207 705 
1403 772 696 
1287 353 141 
497 478 1219 
634 179 214 
234 1008 771 
697 319 970 
1216 754 13 
1435 415 1275 
1131 336 649 
981 949 164 
645 615 64 
141 212 782 
483 529 427 
1090 1424 937 
126 832 581 
875 1379 966 
212 1287 566 
688 14 1207 
278 534 371 
234 271 585 
626 932 1260 
1203 770 318 
1059 915 513 
1207 380 81 
102 452 911 
111 904 1066 
510 1351 626 
637 17 44 
697 175 903 
906 534 427 
530 694 516 
743 897 143 
1350 179 1289 
809 873 534 
915 1098 833 
639 174 723 
496 618 850 
234 627 626 
37 1207 545 
248 1054 970 
1236 1033 615 
829 141 1012 
96 812 1005 
126 215 442 
1081 626 311 
125 1062 708 
1231 1221 515 
1084 170 147 
919 820 204 
617 705 341 
237 1046 729 
142 960 1356 
919 646 489 
1357 500 126 
364 1029 1298 
1067 1106 53 
552 1026 684 
442 837 1299 
661 1408 0 
97 1407 161 
1047 288 923 
1337 245 972 
617 391 1356 
481 704 1373 
1067 853 823 
1238 1219 951 
774 60 509 
45 1408 626 
1444 496 1220 
1144 1147 1203 
1117 725 502 
680 391 28 
627 252 709 
349 1435 649 
770 989 742 
1311 493 439 
478 957 1144 
1287 1112 1395 
962 986 912 
1426 680 393 
1376 1323 1399 
34 948 943 
967 453 304 
461 912 433 
250 270 601 
965 371 242 
98 947 1236 
417 1311 496 
819 1046 46 
179 288 849 
871 591 1037 
1236 919 1352 
1130 1301 616 
1311 104 1437 
1371 456 1006 
1282 711 531 
1207 578 572 
833 417 53 
113 534 577 
1161 534 1388 
863 837 1091 
294 1322 704 
887 1230 38 
527 1306 1099 
360 534 1259 
1117 70 1046 
529 1174 1255 
1412 107 297 
156 198 1352 
773 770 696 
1419 1387 614 
1035 342 162 
1300 383 79 
46 1044 1139 
1371 436 1043 
618 83 894 
320 798 816 
568 848 92 
584 407 974 
425 436 1371 
1357 1065 483 
896 478 1117 
895 390 1184 
1076 134 718 
1334 347 1054 
51 894 1126 
975 1284 568 
1413 637 787 
161 728 1143 
1204 497 954 
530 604 683 
530 1089 78 
822 597 615 
530 486 1417 
973 44 371 
646 1203 159 
896 411 497 
701 1182 414 
179 1289 1219 
1450 929 294 
947 45 236 
1357 462 120 
1117 125 1200 
928 1163 295 
475 530 1417 
1299 648 597 
239 82 230 
89 975 1272 
549 701 1387 
381 534 549 
1110 1437 521 
417 1005 829 
534 320 1062 
649 1275 1233 
773 765 1311 
478 1282 1204 
1065 1357 293 
315 659 729 
1092 1 395 
1147 92 1203 
360 165 942 
1002 1393 644 
822 597 0 
1067 797 118 
618 51 513 
1350 1219 540 
1073 627 98 
107 1403 408 
582 1092 1299 
727 853 120 
922 1309 949 
618 284 937 
381 248 1091 
1174 1244 594 
473 530 741 
1048 142 741 
534 491 577 
887 788 552 
226 797 27 
1350 179 531 
45 462 727 
317 906 1357 
658 1092 1236 
1043 436 456 
1204 21 1282 
263 445 818 
957 168 743 
448 229 354 
475 1089 78 
711 244 1060 
714 1071 1286 
25 780 1352 
1357 1133 849 
212 833 1078 
833 1357 905 
767 12 1256 
617 1426 705 
1444 711 531 
1219 1429 108 
1211 582 947 
1119 1090 958 
475 530 285 
631 813 118 
37 380 1265 
1051 705 449 
519 1070 887 
639 90 402 
491 164 490 
1059 770 88 
253 202 1298 
958 890 1433 
757 518 534 
727 317 823 
268 1009 802 
269 44 208 
33 1400 1014 
1293 207 486 
850 736 24 
534 888 167 
981 833 173 
255 232 3 
341 1356 674 
604 1417 530 
911 102 534 
591 383 212 
1399 563 538 
459 1203 848 
439 201 141 
1258 1345 1375 
1091 1397 360 
585 947 1156 
120 1067 853 
754 1237 850 
1312 773 1296 
1219 1147 414 
534 1062 319 
688 1207 14 
949 1357 1445 
334 937 355 
1071 1092 120 
1092 626 219 
1117 1259 446 
21 954 168 
98 946 192 
34 1287 419 
87 705 609 
607 1221 988 
496 1060 930 
290 702 1281 
1012 566 212 
967 870 28 
1203 876 919 
1244 515 1174 
551 728 250 
690 99 1172 
822 1042 648 
833 1166 942 
1296 116 849 
822 597 120 
257 36 250 
43 544 917 
358 212 1094 
1418 530 1051 
829 1437 1432 
1063 1329 728 
988 29 588 
1025 773 1311 
38 207 285 
431 402 237 
1012 383 53 
417 79 1279 
969 1209 242 
125 452 1269 
316 627 352 
1130 1174 1244 
391 538 1021 
833 83 496 
1126 83 618 
888 969 165 
870 28 285 
965 833 52 
742 102 646 
1238 272 90 
450 1225 132 
582 98 1092 
414 615 252 
958 1399 1090 
352 1109 554 
1065 626 648 
351 544 1357 
120 1299 782 
1092 825 1260 
104 345 721 
1379 1169 1053 
1371 1006 436 
728 286 994 
994 660 778 
1047 174 730 
1169 296 675 
175 700 862 
1000 78 1051 
686 877 1094 
496 765 179 
352 511 194 
932 159 1182 
804 1204 315 
1109 1299 597 
336 349 415 
1424 1026 728 
130 62 943 
1012 566 591 
1258 1375 1009 
1298 939 87 
1095 808 204 
1092 1236 585 
1046 497 941 
236 1092 126 
812 765 1350 
502 792 1029 
1408 0 84 
206 294 111 
1236 1283 947 
392 939 509 
283 1309 808 
174 639 1395 
724 1091 1357 
1067 317 849 
857 138 843 
659 492 315 
742 1147 71 
1328 1350 507 
754 8 417 
473 563 683 
1053 1169 271 
456 1006 1108 
1368 1015 430 
1241 1162 1153 
1123 779 1413 
391 413 705 
1423 1151 32 
50 424 453 
9 530 404 
887 1070 128 
8 879 948 
196 1343 853 
1051 391 1293 
14 37 578 
1172 1218 888 
596 99 1172 
530 814 1417 
439 496 579 
1357 256 1299 
968 1051 530 
387 1091 615 
772 833 164 
913 370 808 
1092 196 626 
103 14 203 
1013 986 1006 
1269 731 479 
1281 590 1004 
1051 604 968 
294 1450 481 
391 1426 87 
204 627 876 
320 989 164 
1054 387 381 
92 848 414 
1275 145 250 
531 244 1060 
179 651 1257 
833 561 949 
532 658 192 
135 1408 1200 
1357 782 212 
1221 503 179 
1076 578 134 
437 348 1039 
478 108 1389 
1175 179 308 
1328 745 144 
1238 1208 531 
1091 248 125 
412 918 272 
92 709 292 
554 1224 1357 
637 774 1298 
659 745 499 
108 639 1104 
701 135 323 
245 392 664 
1059 879 1047 
143 1170 676 
957 767 12 
1238 711 531 
1445 212 853 
1412 1296 449 
894 813 922 
1008 581 810 
530 1048 1418 
671 646 824 
143 411 957 
948 60 505 
840 34 821 
77 1285 425 
408 509 763 
801 1285 99 
263 527 972 
242 1209 166 
1086 1072 1380 
278 614 268 
253 60 286 
673 1110 1311 
534 1074 518 
898 352 626 
1117 956 125 
808 924 1004 
1207 14 81 
1139 21 407 
51 1397 496 
627 975 709 
408 939 1411 
779 530 741 
812 417 496 
1283 1033 1236 
12 1350 1238 
676 447 1111 
255 1236 947 
1062 94 272 
346 63 1008 
696 833 164 
496 60 618 
1424 728 408 
1419 1297 1445 
352 1133 511 
1111 728 1424 
534 270 36 
1418 1089 530 
533 25 1352 
319 126 857 
256 716 1357 
615 98 585 
408 509 939 
1381 1114 1417 
932 133 900 
968 297 604 
937 870 28 
269 1412 1296 
540 1350 981 
1208 711 531 
560 502 534 
617 1021 1435 
479 1149 1203 
1303 283 229 
569 809 30 
1077 943 56 
889 248 1062 
51 813 458 
534 1065 965 
1285 748 969 
1255 1258 448 
899 1440 1239 
647 1204 407 
1404 691 1417 
906 4 31 
798 204 1062 
697 646 252 
375 894 30 
146 532 1004 
496 348 1216 
765 13 659 
544 278 1397 
691 530 1089 
705 968 1021 
320 51 278 
208 51 849 
1040 509 263 
430 850 723 
390 709 1203 
34 417 745 
597 1042 648 
554 727 462 
1438 1033 742 
1081 1092 1236 
118 544 523 
1117 1147 218 
383 1012 141 
383 1311 79 
327 745 821 
1350 896 1203 
236 356 615 
117 921 949 
336 1423 563 
651 943 179 
297 870 28 
442 931 1286 
395 922 1397 
770 989 1097 
711 531 417 
78 1052 9 
178 139 1323 
325 133 1182 
1067 397 1224 
948 118 1067 
242 305 750 
921 833 561 
962 459 92 
51 534 1357 
70 496 12 
1121 1287 480 
1401 328 1309 
352 615 686 
1387 381 1419 
227 1451 1322 
106 1311 1361 
252 627 271 
906 51 806 
1144 1368 411 
1057 1000 486 
1450 32 1123 
641 1195 700 
442 1415 1357 
604 475 1417 
1346 273 902 
361 1432 537 
530 1089 473 
1296 849 1360 
1417 475 543 
28 1298 604 
34 611 1012 
254 1069 486 
231 375 1090 
1302 191 1242 
259 357 1379 
913 1141 75 
643 53 853 
646 1182 133 
939 1403 733 
1138 983 1243 
227 1451 1083 
1403 288 774 
1058 381 248 
271 658 177 
467 849 1126 
1286 615 742 
444 684 519 
620 167 352 
798 75 1062 
552 887 1433 
1444 1445 239 
1122 990 998 
1169 1206 1053 
51 922 278 
927 389 205 
478 1203 1147 
373 1219 734 
731 756 658 
30 688 73 
932 786 479 
125 1004 1091 
1365 729 925 
370 169 786 
111 367 1423 
770 1062 536 
